     -378.923701012868
     -378.736735983845
     -378.797341448089
     -378.727754422620
     -378.723934661407
     -378.563593686169
     -378.909057053868
     -378.828487370038
     -378.788988178234
     -378.945911940595
     -378.885893447333
     -378.787457207973
     -378.775775976156
     -378.876167655155
     -378.744767243420
     -378.965424568765
     -378.731909147363
     -378.911471197020
     -378.704799541528
     -378.813670285326
     -378.618248372129
     -378.828647217373
     -378.890499793136
     -378.605836867958
     -378.891205591505
     -378.833511146535
     -378.923177344044
     -378.866460971760
     -378.894847310129
     -378.799994510378
     -378.781759923578
     -378.608125964648
     -378.759815018141
     -379.027094855941
     -378.496617301086
     -378.660382458065
     -378.677649563694
     -378.814272404251
     -378.734353340093
     -378.675444008674
     -378.896551590097
     -378.784361467509
     -378.839128272276
     -378.687533279075
     -378.581707347336
     -378.576635020875
     -378.607015163360
     -378.790298905627
     -378.654792884092
     -378.782293126233
     -378.830684810838
     -378.570163017949
     -378.562792821369
     -378.564752073124
     -378.547016185609
     -378.530038141460
     -378.797460961125
     -378.644314064780
     -378.916501770261
     -378.837429812769
     -378.966803027301
     -378.531854591742
     -378.578062888323
     -379.014813150252
     -378.913370420142
     -378.848469406063
     -378.561194443875
     -378.780927007829
     -378.627504267820
     -378.641564849855
     -378.567608801464
     -378.868845951175
     -379.023642712121
     -378.539978508223
     -378.800992193126
     -378.711204617277
     -378.561154185175
     -378.758283630484
     -378.718365716678
     -378.813093827756
     -378.982132865023
     -378.716653045152
     -378.576292990506
     -378.726951013851
     -378.981960890725
     -378.760734462289
     -378.905505409926
     -378.792969292599
     -378.870160563280
     -378.558132111453
     -378.478155167079
     -378.712137896046
     -378.766885433319
     -378.925657485070
     -378.654760909032
     -378.970176816553
     -378.636594490416
     -378.811925345483
     -378.843520648805
     -378.670381558553
