    -379.15112305   
    -379.42266846   
    -378.97097778   
    -379.30838013   
    -379.27770996   
    -379.01611328   
    -378.93542480   
    -379.20843506   
    -378.93426514   
    -379.37802124   
    -379.60119629   
    -378.99987793   
    -379.22073364   
    -378.87792969   
    -379.12170410   
    -378.96258545   
    -379.42984009   
    -379.04782104   
    -378.93359375   
    -379.41247559   
    -379.37109375   
    -379.44546509   
    -379.29489136   
    -379.08053589   
    -378.99114990   
    -379.00341797   
    -379.06933594   
    -379.53521729   
    -379.00598145   
    -378.57208252   
    -379.26028442   
    -378.73028564   
    -379.14736938   
    -378.90270996   
    -378.59463501   
    -379.14245605   
    -378.74865723   
    -379.22204590   
    -378.76248169   
    -378.72052002   
    -379.36550903   
    -379.13034058   
    -379.50646973   
    -378.82800293   
    -379.29220581   
    -378.92971802   
    -379.25750732   
    -379.19332886   
    -379.12106323   
    -378.58850098   
    -379.22732544   
    -378.97372437   
    -379.08020020   
    -378.99371338   
    -379.45864868   
    -378.75827026   
    -379.61096191   
    -379.22277832   
    -379.06018066   
    -379.10174561   
    -379.36898804   
    -379.22753906   
    -379.08578491   
    -379.59649658   
    -379.06396484   
    -378.75970459   
    -379.07055664   
    -378.93978882   
    -378.50650024   
    -378.91879272   
    -378.99349976   
    -379.26034546   
    -378.88833618   
    -379.23205566   
    -379.04150391   
    -379.06585693   
    -379.21878052   
    -378.63391113   
    -378.80270386   
    -379.10375977   
    -379.59860229   
    -378.51193237   
    -378.83963013   
    -379.07470703   
    -378.93728638   
    -379.01113892   
    -379.06594849   
    -379.33135986   
    -379.55941772   
    -379.19430542   
    -378.58590698   
    -379.12930298   
    -378.99917603   
    -378.97787476   
    -379.04522705   
    -379.17190552   
    -379.14324951   
    -378.62823486   
    -379.29385376   
    -378.85559082   
